1001 1088
1002 1054
1003 1010
1004 1051
1005 1062
1006 1008
1007 1095
1008 1105
1009 1029
1010 1043
1011 1042
1012 1015
1013 1053
1014 1085
1015 1047
1016 1090
1017 1094
1018 1107
1019 1050
1020 1093
1021 1083
1022 1096
1023 1102
1024 1100
1025 1034
1026 1103
1027 1025
1028 1063
1029 1076
1030 1068
1031 1003
1032 1026
1033 1091
1034 1070
1035 1012
1036 1005
1037 1019
1038 1037
1039 1104
1040 1073
1041 1044
1042 1021
1043 1108
1044 1016
1045 1099
1046 1017
1047 1036
1048 1057
1049 1046
1050 1022
1051 1087
1052 1048
1053 1039
1054 1049
1055 1064
1056 1030
1057 1041
1058 1040
1059 1007
1060 1097
1061 1032
1062 1109
1063 1055
1064 1056
1065 1075
1066 1059
1067 1092
1068 1024
1069 1098
1070 1058
1071 1013
1072 1038
1073 1028
1074 1009
1075 1072
1076 1006
1077 1066
1078 1011
1079 1078
1080 1001
1081 1023
1082 1071
1083 1065
1084 1074
1085 1101
1086 1067
1087 1089
1088 1002
1089 1069
1090 1079
1091 1004
1092 1084
1093 1052
1094 1077
1095 1020
1096 1061
1097 1014
1098 1027
1099 1060
1100 1031
1101 1033
1102 1018
1103 1035